==== Matrix Square Print ====
Original Matrix:
7 x 7 matrix
   0:      0      1      2      3      4      5      6 
   1:      7      8      9     10     11     12     13 
   2:     14     15     16     17     18     19     20 
   3:     21     22     23     24     25     26     27 
   4:     28     29     30     31     32     33     34 
   5:     35     36     37     38     39     40     41 
   6:     42     43     44     45     46     47     48 

BASE Matrix Squared :
7 x 7 matrix
   0:    637    658    679    700    721    742    763 
   1:   1666   1736   1806   1876   1946   2016   2086 
   2:   2695   2814   2933   3052   3171   3290   3409 
   3:   3724   3892   4060   4228   4396   4564   4732 
   4:   4753   4970   5187   5404   5621   5838   6055 
   5:   5782   6048   6314   6580   6846   7112   7378 
   6:   6811   7126   7441   7756   8071   8386   8701 

OPTM Matrix Squared :
7 x 7 matrix
   0:    637    658    679    700    721    742    763 
   1:   1666   1736   1806   1876   1946   2016   2086 
   2:   2695   2814   2933   3052   3171   3290   3409 
   3:   3724   3892   4060   4228   4396   4564   4732 
   4:   4753   4970   5187   5404   5621   5838   6055 
   5:   5782   6048   6314   6580   6846   7112   7378 
   6:   6811   7126   7441   7756   8071   8386   8701 

BASE/OPTM Element Comparison:
[  i][  j]:   BASE   OPTM
[  0][  0]:    637    637 
[  0][  1]:    658    658 
[  0][  2]:    679    679 
[  0][  3]:    700    700 
[  0][  4]:    721    721 
[  0][  5]:    742    742 
[  0][  6]:    763    763 
[  1][  0]:   1666   1666 
[  1][  1]:   1736   1736 
[  1][  2]:   1806   1806 
[  1][  3]:   1876   1876 
[  1][  4]:   1946   1946 
[  1][  5]:   2016   2016 
[  1][  6]:   2086   2086 
[  2][  0]:   2695   2695 
[  2][  1]:   2814   2814 
[  2][  2]:   2933   2933 
[  2][  3]:   3052   3052 
[  2][  4]:   3171   3171 
[  2][  5]:   3290   3290 
[  2][  6]:   3409   3409 
[  3][  0]:   3724   3724 
[  3][  1]:   3892   3892 
[  3][  2]:   4060   4060 
[  3][  3]:   4228   4228 
[  3][  4]:   4396   4396 
[  3][  5]:   4564   4564 
[  3][  6]:   4732   4732 
[  4][  0]:   4753   4753 
[  4][  1]:   4970   4970 
[  4][  2]:   5187   5187 
[  4][  3]:   5404   5404 
[  4][  4]:   5621   5621 
[  4][  5]:   5838   5838 
[  4][  6]:   6055   6055 
[  5][  0]:   5782   5782 
[  5][  1]:   6048   6048 
[  5][  2]:   6314   6314 
[  5][  3]:   6580   6580 
[  5][  4]:   6846   6846 
[  5][  5]:   7112   7112 
[  5][  6]:   7378   7378 
[  6][  0]:   6811   6811 
[  6][  1]:   7126   7126 
[  6][  2]:   7441   7441 
[  6][  3]:   7756   7756 
[  6][  4]:   8071   8071 
[  6][  5]:   8386   8386 
[  6][  6]:   8701   8701 
