==== Matrix Square Print ====
Original Matrix:
5 x 5 matrix
   0:      0      1      2      3      4 
   1:      5      6      7      8      9 
   2:     10     11     12     13     14 
   3:     15     16     17     18     19 
   4:     20     21     22     23     24 

BASE Matrix Squared :
5 x 5 matrix
   0:    150    160    170    180    190 
   1:    400    435    470    505    540 
   2:    650    710    770    830    890 
   3:    900    985   1070   1155   1240 
   4:   1150   1260   1370   1480   1590 

OPTM Matrix Squared :
5 x 5 matrix
   0:    150    160    170    180    190 
   1:    400    435    470    505    540 
   2:    650    710    770    830    890 
   3:    900    985   1070   1155   1240 
   4:   1150   1260   1370   1480   1590 

BASE/OPTM Element Comparison:
[  i][  j]:   BASE   OPTM
[  0][  0]:    150    150 
[  0][  1]:    160    160 
[  0][  2]:    170    170 
[  0][  3]:    180    180 
[  0][  4]:    190    190 
[  1][  0]:    400    400 
[  1][  1]:    435    435 
[  1][  2]:    470    470 
[  1][  3]:    505    505 
[  1][  4]:    540    540 
[  2][  0]:    650    650 
[  2][  1]:    710    710 
[  2][  2]:    770    770 
[  2][  3]:    830    830 
[  2][  4]:    890    890 
[  3][  0]:    900    900 
[  3][  1]:    985    985 
[  3][  2]:   1070   1070 
[  3][  3]:   1155   1155 
[  3][  4]:   1240   1240 
[  4][  0]:   1150   1150 
[  4][  1]:   1260   1260 
[  4][  2]:   1370   1370 
[  4][  3]:   1480   1480 
[  4][  4]:   1590   1590 
