==== Matrix Square Print ====
Original Matrix:
4 x 4 matrix
   0:      0      1      2      3 
   1:      4      5      6      7 
   2:      8      9     10     11 
   3:     12     13     14     15 

BASE Matrix Squared :
4 x 4 matrix
   0:     56     62     68     74 
   1:    152    174    196    218 
   2:    248    286    324    362 
   3:    344    398    452    506 

OPTM Matrix Squared :
4 x 4 matrix
   0:     56     62     68     74 
   1:    152    174    196    218 
   2:    248    286    324    362 
   3:    344    398    452    506 

BASE/OPTM Element Comparison:
[  i][  j]:   BASE   OPTM
[  0][  0]:     56     56 
[  0][  1]:     62     62 
[  0][  2]:     68     68 
[  0][  3]:     74     74 
[  1][  0]:    152    152 
[  1][  1]:    174    174 
[  1][  2]:    196    196 
[  1][  3]:    218    218 
[  2][  0]:    248    248 
[  2][  1]:    286    286 
[  2][  2]:    324    324 
[  2][  3]:    362    362 
[  3][  0]:    344    344 
[  3][  1]:    398    398 
[  3][  2]:    452    452 
[  3][  3]:    506    506 
